date,cases,deaths,p_cases,p_deaths,diff,p_diff,d_diff,p.d_diff
2020-01-27T00:00:00Z,6,0,0.0018279334387163364,0,6,0.0018279334387163364,0,0
2020-01-28T00:00:00Z,6,0,0.0018279334387163364,0,0,0,0,0
2020-01-29T00:00:00Z,7,0,0.002132589011835726,0,1,3.0465557311938943e-4,0,0
2020-01-30T00:00:00Z,7,0,0.002132589011835726,0,0,0,0,0
2020-01-31T00:00:00Z,8,0,0.002437244584955115,0,1,3.046555731193892e-4,0,0
2020-02-01T00:00:00Z,9,0,0.0027419001580745047,0,1,3.0465557311938965e-4,0,0
2020-02-02T00:00:00Z,9,0,0.0027419001580745047,0,0,0,0,0
2020-02-03T00:00:00Z,11,0,0.003351211304313283,0,2,6.093111462387784e-4,0,0
2020-02-04T00:00:00Z,11,0,0.003351211304313283,0,0,0,0,0
2020-02-05T00:00:00Z,11,0,0.003351211304313283,0,0,0,0,0
2020-02-06T00:00:00Z,11,1,0.003351211304313283,3.046555731193894e-4,0,0,1,3.046555731193894e-4
2020-02-07T00:00:00Z,11,1,0.003351211304313283,3.046555731193894e-4,0,0,0,0
2020-02-08T00:00:00Z,11,1,0.003351211304313283,3.046555731193894e-4,0,0,0,0
2020-02-09T00:00:00Z,11,1,0.003351211304313283,3.046555731193894e-4,0,0,0,0
2020-02-10T00:00:00Z,11,1,0.003351211304313283,3.046555731193894e-4,0,0,0,0
2020-02-11T00:00:00Z,12,1,0.0036558668774326728,3.046555731193894e-4,1,3.0465557311938965e-4,0,0
2020-02-12T00:00:00Z,12,1,0.0036558668774326728,3.046555731193894e-4,0,0,0,0
2020-02-13T00:00:00Z,13,1,0.003960522450552062,3.046555731193894e-4,1,3.046555731193892e-4,0,0
2020-02-14T00:00:00Z,13,1,0.003960522450552062,3.046555731193894e-4,0,0,0,0
2020-02-15T00:00:00Z,13,1,0.003960522450552062,3.046555731193894e-4,0,0,0,0
2020-02-16T00:00:00Z,13,1,0.003960522450552062,3.046555731193894e-4,0,0,0,0
2020-02-17T00:00:00Z,13,2,0.003960522450552062,6.093111462387788e-4,0,0,1,3.046555731193894e-4
2020-02-18T00:00:00Z,14,2,0.004265178023671452,6.093111462387788e-4,1,3.0465557311938965e-4,0,0
2020-02-19T00:00:00Z,14,2,0.004265178023671452,6.093111462387788e-4,0,0,0,0
2020-02-20T00:00:00Z,14,2,0.004265178023671452,6.093111462387788e-4,0,0,0,0
2020-02-21T00:00:00Z,17,2,0.00517914474302962,6.093111462387788e-4,3,9.139667193581681e-4,0,0
2020-02-22T00:00:00Z,17,2,0.00517914474302962,6.093111462387788e-4,0,0,0,0
2020-02-23T00:00:00Z,17,2,0.00517914474302962,6.093111462387788e-4,0,0,0,0
2020-02-24T00:00:00Z,18,2,0.005483800316149009,6.093111462387788e-4,1,3.0465557311938965e-4,0,0
2020-02-25T00:00:00Z,18,2,0.005483800316149009,6.093111462387788e-4,0,0,0,0
2020-02-26T00:00:00Z,20,2,0.006093111462387788,6.093111462387788e-4,2,6.093111462387784e-4,0,0
2020-02-27T00:00:00Z,21,2,0.0063977670355071774,6.093111462387788e-4,1,3.0465557311938965e-4,0,0
2020-02-28T00:00:00Z,23,2,0.007007078181745957,6.093111462387788e-4,2,6.093111462387793e-4,0,0
2020-02-29T00:00:00Z,34,3,0.01035828948605924,9.139667193581682e-4,11,0.0033512113043132827,1,3.0465557311938943e-4
2020-03-01T00:00:00Z,40,3,0.012186222924775576,9.139667193581682e-4,6,0.0018279334387163362,0,0
2020-03-02T00:00:00Z,62,8,0.018888645533402144,0.002437244584955115,22,0.006702422608626569,5,0.001523277865596947
2020-03-03T00:00:00Z,81,9,0.02467710142267054,0.0027419001580745047,19,0.005788455889268396,1,3.0465557311938965e-4
2020-03-04T00:00:00Z,116,13,0.03534004648184917,0.003960522450552062,35,0.01066294505917863,4,0.0012186222924775573
2020-03-05T00:00:00Z,182,14,0.055447314307728875,0.004265178023671452,66,0.020107267825879703,1,3.0465557311938965e-4
2020-03-06T00:00:00Z,231,19,0.07037543739057896,0.005788455889268399,49,0.014928123082850082,5,0.0015232778655969474
2020-03-07T00:00:00Z,376,22,0.11455049549289043,0.006702422608626566,145,0.04417505810231147,3,9.139667193581672e-4
2020-03-08T00:00:00Z,492,25,0.14989054197473958,0.007616389327984735,116,0.03534004648184916,3,9.13966719358169e-4
2020-03-09T00:00:00Z,751,31,0.22879633541266142,0.009444322766701072,259,0.07890579343792184,6,0.001827933438716337
2020-03-10T00:00:00Z,1036,34,0.3156231737516874,0.01035828948605924,285,0.08682683833902599,3,9.139667193581672e-4
2020-03-11T00:00:00Z,1318,40,0.40153604537135523,0.012186222924775576,282,0.08591287161966782,6,0.0018279334387163362
2020-03-12T00:00:00Z,1715,44,0.5224843078997528,0.013404845217253132,397,0.12094826252839752,4,0.0012186222924775569
2020-03-13T00:00:00Z,2316,51,0.7055823073445059,0.01553743422908886,601,0.18309799944475313,7,0.0021325890118357275
2020-03-14T00:00:00Z,2968,61,0.9042177410183477,0.018583989960282755,652,0.19863543367384184,10,0.0030465557311938948
2020-03-15T00:00:00Z,3769,68,1.1482468550869787,0.02071657897211848,801,0.24402911406863093,7,0.002132589011835724
2020-03-16T00:00:00Z,4731,100,1.4413255164278314,0.03046555731193894,962,0.2930786613408527,32,0.009748978339820462
2020-03-17T00:00:00Z,6302,119,1.919939421798392,0.036254013201207344,1571,0.4786139053705607,19,0.005788455889268403
2020-03-18T00:00:00Z,9214,161,2.807096450722054,0.04904954727222169,2912,0.8871570289236619,42,0.012795534071014344
2020-03-19T00:00:00Z,14236,222,4.337076738927627,0.06763353723250445,5022,1.5299802882055733,61,0.018583989960282765
2020-03-20T00:00:00Z,19152,263,5.834763536382546,0.08012441573039941,4916,1.4976867974549188,41,0.012490878497894958
2020-03-21T00:00:00Z,26469,345,8.063928364897118,0.10510617272618934,7317,2.2291648285145715,82,0.02498175699578993
2020-03-22T00:00:00Z,33756,445,10.28395352621811,0.13557173003812828,7287,2.220025161320992,100,0.030465557311938937
2020-03-23T00:00:00Z,43869,586,13.364935337174494,0.1785281658479622,10113,3.0809818109563842,141,0.04295643580983391
2020-03-24T00:00:00Z,53888,799,16.41727952425766,0.24341980292239215,10019,3.0523441870831647,213,0.06489163707442996
2020-03-25T00:00:00Z,68586,1082,20.89510713796644,0.3296373301151793,14698,4.477827613708783,283,0.08621752719278716
2020-03-26T00:00:00Z,85075,1385,25.918572883132054,0.42194796877035434,16489,5.023465745165613,303,0.09231063865517503
2020-03-27T00:00:00Z,102595,1783,31.256138524183754,0.5432008868718713,17520,5.3375656410517,398,0.12125291810151695
2020-03-28T00:00:00Z,122987,2333,37.46867497123435,0.7107614520875355,20392,6.212536447050596,550,0.1675605652156642
2020-03-29T00:00:00Z,141754,2756,43.186146111965925,0.8396307595170373,18767,5.7174711407315755,423,0.12886930742950176
2020-03-30T00:00:00Z,163705,3402,49.873640597509635,1.0364382597521629,21951,6.687494485543709,646,0.1968075002351256
2020-03-31T00:00:00Z,186750,4339,56.89442828004597,1.3219005317650308,23045,7.020787682536337,937,0.2854622720128679
2020-04-01T00:00:00Z,213136,5384,64.93307023237419,1.6402656056747926,26386,8.03864195232822,1045,0.3183650739097619
2020-04-02T00:00:00Z,241856,6653,73.68277829236304,2.0268735279632977,28720,8.749708059988848,1269,0.38660792228850505
2020-04-03T00:00:00Z,277060,8000,84.40787308845802,2.437244584955115,35204,10.725094796094979,1347,0.41037105699181753
2020-04-04T00:00:00Z,310740,9389,94.66867279111906,2.8604111760179474,33680,10.260799702661046,1389,0.42316659106283216
2020-04-05T00:00:00Z,335452,10891,102.19732131404541,3.31800384684327,24712,7.528648522926346,1502,0.45759267082532284
2020-04-06T00:00:00Z,365306,12437,111.29250879395167,3.7890013628858465,29854,9.095187479906258,1546,0.47099751604257634
2020-04-07T00:00:00Z,395590,14598,120.51869817029926,4.447362056396846,30284,9.226189376347591,2161,0.6583606935109998
2020-04-08T00:00:00Z,428204,16679,130.454735032015,5.081350304058296,32614,9.936036861715749,2081,0.63398824766145
2020-04-09T00:00:00Z,462049,18658,140.76580290424076,5.684263683261568,33845,10.311067872225749,1979,0.6029133792032715
2020-04-10T00:00:00Z,495196,21158,150.86422118642918,6.445902616060041,33147,10.098418282188419,2500,0.7616389327984727
2020-04-11T00:00:00Z,526272,22908,160.3316977766873,6.979049869018972,31076,9.467476590258116,1750,0.5331472529589316
2020-04-12T00:00:00Z,553526,24589,168.63478076648315,7.491175887432666,27254,8.303082989795854,1681,0.512126018413694
2020-04-13T00:00:00Z,578455,25718,176.2295395487764,7.835132029484457,24929,7.5947587822932405,1129,0.34395614205179115
2020-04-14T00:00:00Z,603829,28871,183.95987006110778,8.79571105152989,25374,7.730330512331392,3153,0.9605790220454331
2020-04-15T00:00:00Z,633949,31317,193.13609592346378,9.540898583379917,30120,9.176225862356006,2446,0.7451875318500267
2020-04-16T00:00:00Z,666499,33579,203.05263482849992,10.230029489775976,32550,9.916538905036134,2262,0.6891309063960591
2020-04-17T00:00:00Z,697434,35557,212.47715498294824,10.832638213406128,30935,9.424520154448317,1978,0.6026087236301514
2020-04-18T00:00:00Z,725173,37063,220.92799592570697,11.291449506523929,27739,8.450840942758731,1506,0.458811293117801
2020-04-19T00:00:00Z,750294,39586,228.58124857803915,12.06009551750415,25121,7.653252652332185,2523,0.7686460109802216
2020-04-20T00:00:00Z,776787,41404,236.65248867669112,12.613959349435198,26493,8.07124009865197,1818,0.5538638319310483
2020-04-21T00:00:00Z,802274,44161,244.417245268785,13.453894764525355,25487,7.764756592093875,2757,0.8399354150901566
2020-04-22T00:00:00Z,831049,46196,253.18370938529543,14.073868855823314,28775,8.766464116510434,2035,0.6199740912979586
2020-04-23T00:00:00Z,862704,48011,262.82758155238974,14.626818721035004,31655,9.643872167094315,1815,0.5529498652116906
2020-04-24T00:00:00Z,900097,50698,274.219567398043,15.445428246006806,37393,11.391985845653267,2687,0.8186095249718015
2020-04-25T00:00:00Z,934065,52668,284.5681079057625,16.045599725052,33968,10.348540507719463,1970,0.6001714790451942
2020-04-26T00:00:00Z,959548,53803,292.3316458755639,16.391383800542506,25483,7.763537969801405,1135,0.3457840754905064
2020-04-27T00:00:00Z,982311,55185,299.26652068648053,16.812417802593504,22763,6.934874810916654,1382,0.42103400205099817
2020-04-28T00:00:00Z,1006417,57433,306.61054793209655,17.49728353096589,24106,7.344027245616019,2248,0.6848657283723867
2020-04-29T00:00:00Z,1034338,60025,315.116836189163,18.28695077649135,27921,8.506288257066444,2592,0.7896672455254574
2020-04-30T00:00:00Z,1063314,62144,323.9445360758704,18.932515935931335,28976,8.827699886707421,2119,0.645565159439986
2020-05-01T00:00:00Z,1096406,63957,334.02619830153725,19.484856489996787,33092,10.081662225666832,1813,0.5523405540654522
2020-05-02T00:00:00Z,1126378,65528,343.15733513907156,19.96347039536735,29972,9.131136837534314,1571,0.4786139053705618
2020-05-03T00:00:00Z,1151544,66909,350.82429729219416,20.384199741845226,25166,7.666962153122597,1381,0.4207293464778772
2020-05-04T00:00:00Z,1173202,67904,357.4225276948139,20.68733203709902,21658,6.59823040261972,995,0.3031322952537927
2020-05-05T00:00:00Z,1197324,70382,364.7714294295998,21.442268547288865,24122,7.348901734785898,2478,0.7549365101898466
2020-05-06T00:00:00Z,1220975,72977,371.97683838944647,22.232849759533682,23651,7.205408959846693,2595,0.7905812122448168
2020-05-07T00:00:00Z,1248587,75017,380.38898807441905,22.854347128697235,27612,8.412149684972576,2040,0.6214973691635528
2020-05-08T00:00:00Z,1275974,76683,388.7325902554398,23.361903313514137,27387,8.343602181020742,1666,0.5075561848169023
2020-05-09T00:00:00Z,1301552,78193,396.5250705046875,23.821933228924415,25578,7.792480249247717,1510,0.4600299154102778
2020-05-10T00:00:00Z,1321677,79066,402.65626391371524,24.087897544257643,20125,6.1311934090277305,873,0.2659643153332283
2020-05-11T00:00:00Z,1339458,80006,408.0733446593511,24.374273782989867,17781,5.417080745635872,940,0.28637623873222395
2020-05-12T00:00:00Z,1360931,81659,414.61521378094375,24.87786944535622,21473,6.54186912159264,1653,0.5035956623663544
2020-05-13T00:00:00Z,1381593,83367,420.9100072327366,25.398221164244134,20662,6.2947934517928275,1708,0.5203517188879125
2020-05-14T00:00:00Z,1408360,85150,429.06472295842326,25.941422051116007,26767,8.154715725686685,1783,0.5432008868718725
2020-05-15T00:00:00Z,1433267,86622,436.65277931810795,26.38987505474775,24907,7.5880563596846855,1472,0.44845300363174445
2020-05-16T00:00:00Z,1457778,87768,444.1201920708372,26.73901034154257,24511,7.467412752729274,1146,0.3491352867948194
2020-05-17T00:00:00Z,1476296,88560,449.76180397386213,26.980297555453124,18518,5.641611903024909,792,0.24128721391055308
2020-05-18T00:00:00Z,1497932,89593,456.35333195387324,27.295006762485453,21636,6.591527980011108,1033,0.31470920703232963
2020-05-19T00:00:00Z,1518530,91136,462.62862744898644,27.76509031180867,20598,6.275295495113198,1543,0.47008354932321694
2020-05-20T00:00:00Z,1540613,92640,469.3563364701819,28.223292293780233,22083,6.727709021195437,1504,0.4582019819715626
2020-05-21T00:00:00Z,1566571,93985,477.264585837215,28.63305403962581,25958,7.908249367033136,1345,0.4097617458455787
2020-05-22T00:00:00Z,1589930,95216,484.3810353697108,29.008085050135783,23359,7.116449532495778,1231,0.37503101050997145
2020-05-23T00:00:00Z,1612184,96316,491.1608404939097,29.34320618056711,22254,6.7798051241989015,1100,0.3351211304313253
2020-05-24T00:00:00Z,1632864,96967,497.46111774601866,29.54153695866783,20680,6.30027725210897,651,0.19833077810072197
2020-05-25T00:00:00Z,1651945,97641,503.2742507367097,29.746874814950303,19081,5.813132990691031,674,0.2053378562824726
2020-05-26T00:00:00Z,1669906,98308,508.7461694855071,29.950080082220936,17961,5.471918748797407,667,0.20320526727063282
2020-05-27T00:00:00Z,1689952,99703,514.85329510425845,30.37507460672248,20046,6.107125618751354,1395,0.42499452450154607
2020-05-28T00:00:00Z,1712450,100882,521.7074361882984,30.73426352743024,22498,6.854141084039952,1179,0.35918892070775854
2020-05-29T00:00:00Z,1737428,102123,529.3171230936745,31.112341093671404,24978,7.609686905376066,1241,0.3780775662411635
2020-05-30T00:00:00Z,1760413,102971,536.3196314418237,31.370689019676647,22985,7.002508348149263,848,0.2583479260052428
2020-05-31T00:00:00Z,1779257,103563,542.0605610616855,31.551045118963327,18844,5.740929619861731,592,0.18035609928667995
2020-06-01T00:00:00Z,1800589,104214,548.5594737474682,31.74937589706405,21332,6.498912685782784,651,0.19833077810072197
2020-06-02T00:00:00Z,1821070,105516,554.7991245405265,32.14603745326549,20481,6.2396507930582175,1302,0.39666155620144394
2020-06-03T00:00:00Z,1840536,106511,560.7295499268685,32.44916974851929,19466,5.9304253863419945,995,0.30313229525379626
2020-06-04T00:00:00Z,1862309,107489,567.362815720397,32.747122899030046,21773,6.633265793528494,978,0.2979531505107573
2020-06-05T00:00:00Z,1891060,108580,576.1219681031525,33.0795021293033,28751,8.759152382755587,1091,0.3323792302732542
2020-06-06T00:00:00Z,1913961,109357,583.0988853831597,33.31621950961707,22901,6.976917280007115,777,0.23671738031377032
2020-06-07T00:00:00Z,1931930,109761,588.573241376542,33.4393003611573,17969,5.474355993382346,404,0.12308085154023019
2020-06-08T00:00:00Z,1948912,110315,593.7469023192555,33.608079548665444,16982,5.173660942713468,554,0.16877918750814302
2020-06-09T00:00:00Z,1967489,111281,599.4064889010943,33.90237683229877,18577,5.65958658183888,966,0.29429728363332686
2020-06-10T00:00:00Z,1987931,112188,605.6342581268009,34.178699437118055,20442,6.227769225706538,907,0.27632260481928483
2020-06-11T00:00:00Z,2010451,113063,612.4951016334495,34.445273063597526,22520,6.860843506648621,875,0.26657362647947025
2020-06-12T00:00:00Z,2036155,113831,620.3259684849104,34.67924854375321,25704,7.830866851460883,768,0.23397548015568503
2020-06-13T00:00:00Z,2061882,114562,628.1638424145528,34.90195176770349,25727,7.8378739296424556,731,0.2227032239502762
2020-06-14T00:00:00Z,2082346,114898,634.398314062868,35.004316040271604,20464,6.234471648315207,336,0.10236427256811709
2020-06-15T00:00:00Z,2100925,115302,640.0585099558532,35.127396891811834,18579,5.6601958929851435,404,0.12308085154023019
2020-06-16T00:00:00Z,2125427,116072,647.5231808084245,35.36198168311377,24502,7.464670852571317,770,0.2345847913019341
2020-06-17T00:00:00Z,2149868,116853,654.9692676710355,35.599917685720015,24441,7.446086862610969,781,0.23793600260624714
2020-06-18T00:00:00Z,2177039,117551,663.2470642482624,35.812567275757345,27171,8.277796577226923,698,0.21264959003732997
2020-06-19T00:00:00Z,2207977,118300,672.6724983694301,36.04075430002377,30938,9.425434121167655,749,0.22818702426642545
2020-06-20T00:00:00Z,2239697,118861,682.3361731487771,36.21166607654374,31720,9.663674779347048,561,0.17091177651997214
2020-06-21T00:00:00Z,2266560,119126,690.5201358094832,36.29239980342038,26863,8.183962660706129,265,0.08073372687663749
2020-06-22T00:00:00Z,2295933,119493,699.4687839587191,36.404208398755195,29373,8.94864814923585,367,0.11180859533481424
2020-06-23T00:00:00Z,2330873,120313,710.1134496835106,36.65402596871309,34940,10.64466572479148,820,0.24981756995789794
2020-06-24T00:00:00Z,2366279,121065,720.9000849053756,36.88312695969888,35406,10.786635221865026,752,0.22910099098578485
2020-06-25T00:00:00Z,2405351,121680,732.8035874582964,37.070490137167305,39072,11.903502552920827,615,0.187363177468427
2020-06-26T00:00:00Z,2451140,122312,746.75346149586,37.263032459378756,45789,13.949874037563632,632,0.19254232221145173
2020-06-27T00:00:00Z,2493433,124691,759.6382596497986,37.98780806782979,42293,12.884798153938505,2379,0.7247756084510328
2020-06-28T00:00:00Z,2533282,124951,771.778479583033,38.067018516840825,39849,12.140219933234448,260,0.07921044901103613
2020-06-29T00:00:00Z,2572327,125273,783.6737564354795,38.16511761138526,39045,11.8952768524465,322,0.09809909454443755
2020-06-30T00:00:00Z,2618620,126581,797.7771768818955,38.563607101025426,46293,14.103420446415953,1308,0.39848948964016273
2020-07-01T00:00:00Z,2668248,127283,812.8966236646645,38.77747531335524,49628,15.119446782769046,702,0.2138682123298139
2020-07-02T00:00:00Z,2723745,127989,829.8040940060713,38.99256214797753,55497,16.907470341406793,706,0.21508683462229072
2020-07-03T00:00:00Z,2777362,128543,846.1388118700137,39.16134133548567,53617,16.334717863942387,554,0.16877918750814302
2020-07-04T00:00:00Z,2822591,128803,859.9180787866305,39.24055178449671,45229,13.779266916616848,260,0.07921044901103613
2020-07-05T00:00:00Z,2864453,129024,872.6715703885543,39.3078806661561,41862,12.75349160192377,221,0.06732888165939244
2020-07-06T00:00:00Z,2917892,129402,888.9520595604813,39.42304047279523,53439,16.280489171927,378,0.11515980663912728
2020-07-07T00:00:00Z,2973832,130322,905.9944923207801,39.70332360006506,55940,17.042432760298766,920,0.28028312726983273
2020-07-08T00:00:00Z,3031797,131178,923.6538526166455,39.964108770655265,57965,17.65936029586544,856,0.26078517059020356
2020-07-09T00:00:00Z,3094657,132162,942.8045019429303,40.26388985460474,62860,19.150649326284793,984,0.2997810839494761
2020-07-10T00:00:00Z,3164316,132995,964.0265045108539,40.517667947013194,69659,21.222002567923596,833,0.25377809240845295
2020-07-11T00:00:00Z,3224914,133664,982.4880229307424,40.72148252543006,60598,18.461518419888534,669,0.20381457841686768
2020-07-12T00:00:00Z,3283122,134132,1000.221414530876,40.86406133364994,58208,17.733391600133587,468,0.14257880821988067
